# Solver for a Square Matrix by Cholesky Method

## Task

Implementation to Solve a Square Matrix by Cholesky Method.

## Compilation

``` bash
$ make
```

## Execution

### Input
The executable input is the augmented matrix that represents the equations system splitted in two files  *F1* and *F2*

- *F1*: Square symmetric matrix with size $N x N$ that represents the firsts members for the equations system.

```
10 10

3192.302 2698.635 1978.379 2126.596 2790.948 3222.904 2115.401 2977.436 2323.447 2064.871
2698.635 3648.584 2353.185 2553.399 2775.733 2717.937 2426.996 3440.832 2690.923 1824.800
1978.379 2353.185 2832.480 1721.412 2479.264 2633.894 2114.959 2189.508 2124.635 1680.251
2126.596 2553.399 1721.412 2457.944 1722.838 2208.851 1909.113 2425.035 1814.554 1303.733
2790.948 2775.733 2479.264 1722.838 3632.273 3450.131 2061.848 2784.201 2362.622 2397.096
3222.904 2717.937 2633.894 2208.851 3450.131 4206.092 2283.862 2789.959 2211.154 2503.426
2115.401 2426.996 2114.959 1909.113 2061.848 2283.862 2666.696 2482.297 2241.853 1505.690
2977.436 3440.832 2189.508 2425.035 2784.201 2789.959 2482.297 3883.093 2756.404 1785.132
2323.447 2690.923 2124.635 1814.554 2362.622 2211.154 2241.853 2756.404 2866.823 1814.375
2064.871 1824.800 1680.251 1303.733 2397.096 2503.426 1505.690 1785.132 1814.375 2255.474
```

- *F2*: Matrix with size $N x 1$ that represents the seconds members for the equations system.

```
10 1

1
2
3
4
5
6
7
8
9
10
```


``` bash
$ make run f1=[matrix_path] f2=[matrix_path]
```

Example:

``` bash
$ make run f1=../inputs/M_DIAG.txt f2=../inputs/V_DIAG.txt
```

### Output

Solution system through standard output

Example

```
3192.302000 2698.635000 1978.379000 2126.596000 2790.948000 3222.904000 2115.401000 2977.436000 2323.447000 2064.871000 1.000000
2698.635000 3648.584000 2353.185000 2553.399000 2775.733000 2717.937000 2426.996000 3440.832000 2690.923000 1824.800000 2.000000
1978.379000 2353.185000 2832.480000 1721.412000 2479.264000 2633.894000 2114.959000 2189.508000 2124.635000 1680.251000 3.000000
2126.596000 2553.399000 1721.412000 2457.944000 1722.838000 2208.851000 1909.113000 2425.035000 1814.554000 1303.733000 4.000000
2790.948000 2775.733000 2479.264000 1722.838000 3632.273000 3450.131000 2061.848000 2784.201000 2362.622000 2397.096000 5.000000
3222.904000 2717.937000 2633.894000 2208.851000 3450.131000 4206.092000 2283.862000 2789.959000 2211.154000 2503.426000 6.000000
2115.401000 2426.996000 2114.959000 1909.113000 2061.848000 2283.862000 2666.696000 2482.297000 2241.853000 1505.690000 7.000000
2977.436000 3440.832000 2189.508000 2425.035000 2784.201000 2789.959000 2482.297000 3883.093000 2756.404000 1785.132000 8.000000
2323.447000 2690.923000 2124.635000 1814.554000 2362.622000 2211.154000 2241.853000 2756.404000 2866.823000 1814.375000 9.000000
2064.871000 1824.800000 1680.251000 1303.733000 2397.096000 2503.426000 1505.690000 1785.132000 1814.375000 2255.474000 10.000000

X_1 = -0.028663
X_2 = -0.019074
X_3 = -0.008506
X_4 = 0.009017
X_5 = -0.001359
X_6 = 0.012221
X_7 = 0.000322
X_8 = 0.019538
X_9 = 0.010652
X_10 = 0.010865

Determinant: 48749394839768796131856744448.000000
```

## Other options

``` bash
$ make help
```
