# Eigen Solver with Rayleigh Method

## Task

Implementation to improve the eigen vector and eigen value given with the Rayleigh Method.

## Compilation

``` bash
$ make
```

## Execution

### Input
The executable input is a square matrix of size NxN in one file *f1* and matrix of size Nx1
that represent a aproximation to an eigen vector

- *f1*: Square matrix with size $N x N$.

```
10 10
3192.302 2698.635 1978.379 2126.596 2790.948 3222.904 2115.401 2977.436 2323.447 2064.871
2698.635 3648.584 2353.185 2553.399 2775.733 2717.937 2426.996 3440.832 2690.923 1824.800
1978.379 2353.185 2832.480 1721.412 2479.264 2633.894 2114.959 2189.508 2124.635 1680.251
2126.596 2553.399 1721.412 2457.944 1722.838 2208.851 1909.113 2425.035 1814.554 1303.733
2790.948 2775.733 2479.264 1722.838 3632.273 3450.131 2061.848 2784.201 2362.622 2397.096
3222.904 2717.937 2633.894 2208.851 3450.131 4206.092 2283.862 2789.959 2211.154 2503.426
2115.401 2426.996 2114.959 1909.113 2061.848 2283.862 2666.696 2482.297 2241.853 1505.690
2977.436 3440.832 2189.508 2425.035 2784.201 2789.959 2482.297 3883.093 2756.404 1785.132
2323.447 2690.923 2124.635 1814.554 2362.622 2211.154 2241.853 2756.404 2866.823 1814.375
2064.871 1824.800 1680.251 1303.733 2397.096 2503.426 1505.690 1785.132 1814.375 2255.474
```

- *f2*: Matrix with size $N x 1$.
```
10 1
-0.305396
0.396977
0.329481
-0.068454
0.393717
-0.005979
-0.455015
0.187186
-0.324837
-0.365040
```

``` bash
$ make run f1=[matrix_path]
```

Example:

``` bash
$ make run f1=../inputs/M_MEDIUM.txt
```

### Output

The solution through standard output

Example

```
Aprox Eigen vector:
-0.305396 0.396977 0.329481 -0.068454 0.393717 -0.005979 -0.455015 0.187186 -0.324837 -0.365040

Eigen Value: 24537.767197
Eigen vector:
0.332583 0.353132 0.285701 0.261994 0.345410 0.368047 0.281434 0.359356 0.300198 0.247373
```

## Other options

``` bash
$ make help
```
