valgrind --tool=memcheck --leak-check=yes ./main ../inputs/M_SMALL.txt ../inputs/V_SMALL.txt
2.402822 4.425232 1.929374 1.370355 0.060000 
1.201411 2.212616 0.964687 0.685178 0.542716 
1.119958 0.964687 2.053172 0.566574 0.857204 
0.742142 0.685178 0.566574 1.696828 0.761270 

2.402822 4.425232 1.929374 1.370355 
1.201411 2.212616 0.964687 0.685178 
1.119958 0.964687 2.053172 0.566574 
0.742142 0.685178 0.566574 1.696828 

2.4028224.4252321.9293741.370355
2.402822 4.425232 1.929374 1.370355 
1.201411 2.212616 0.964687 0.685178 
1.119958 0.964687 2.053172 0.566574 
0.742142 0.685178 0.566574 1.696828 

1.2014112.2126160.9646870.685178
Zeron 1 1
2.402822 4.425232 1.929374 1.370355 
0.500000 0.000000 0.000000 0.000000 
1.119958 0.964687 2.053172 0.566574 
0.742142 0.685178 0.566574 1.696828 

swap 1 2
2.402822 4.425232 1.929374 1.370355 
1.119958 0.964687 2.053172 0.566574 
1.201411 2.212616 0.964687 0.685178 
0.742142 0.685178 0.566574 1.696828 

1.1199580.9646872.0531720.566574
2.402822 4.425232 1.929374 1.370355 
0.466101 -1.097919 1.153889 -0.072150 
1.201411 2.212616 0.964687 0.685178 
0.742142 0.685178 0.566574 1.696828 

1.2014112.2126160.9646870.685178
Zeron 2 2
2.402822 4.425232 1.929374 1.370355 
0.466101 -1.097919 1.153889 -0.072150 
0.500000 -0.000000 0.000000 0.000000 
0.742142 0.685178 0.566574 1.696828 

swap 2 3
2.402822 4.425232 1.929374 1.370355 
0.466101 -1.097919 1.153889 -0.072150 
0.742142 0.685178 0.566574 1.696828 
1.201411 2.212616 0.964687 0.685178 

0.7421420.6851780.5665741.696828
2.402822 4.425232 1.929374 1.370355 
0.466101 -1.097919 1.153889 -0.072150 
0.308863 0.620821 -0.745696 1.318369 
1.201411 2.212616 0.964687 0.685178 

1.2014112.2126160.9646870.685178
2.402822 4.425232 1.929374 1.370355 
0.466101 -1.097919 1.153889 -0.072150 
0.308863 0.620821 -0.745696 1.318369 
0.500000 -0.000000 -0.000000 0.000000 

0.060000 0.829238 0.227930 0.512716 
X_1 = -5425479.813547
X_2 = 1837966.776940
X_3 = 1812933.651960
X_4 = 1025432.000084

Determinant: 0.000001
make: 'main' está actualizado.
